0,50,200
1,49,199
2,48,200
3,47,201
4,46,202
5,45,203
6,44,204
7,43,205
8,42,206
9,41,207
10,40,208
11,39,209
12,38,210
13,37,211
14,36,212
15,35,213
16,34,214
17,33,215
18,32,216
19,31,217
20,30,218
21,29,219
22,28,220
23,27,221
24,26,222
25,25,223
26,24,224
27,25,225
28,26,226
29,27,227
30,28,228
31,29,229
32,30,230
33,31,231
34,32,232
35,33,233
36,34,234
37,35,235
38,36,236
39,37,237
40,38,238
41,39,239
42,40,240
43,41,241
44,42,242
45,43,243
46,44,244
47,45,245
48,46,246
49,47,247
50,48,248
51,49,249
52,50,250
53,51,251
54,52,252
55,53,253
56,54,254
57,55,255
58,56,256
59,57,257
60,58,258
61,59,259
62,60,260
63,61,261
64,62,262
65,63,263
66,64,264
67,65,265
68,66,266
69,67,267
70,68,268
71,69,269
72,70,270
73,71,271
74,72,272
75,73,273
76,74,274
77,75,275
78,76,276
79,77,277
80,78,278
81,79,279
82,80,280
83,81,281
84,82,282
85,83,283
86,84,284
87,85,285
88,86,286
89,87,287
90,88,288
91,89,289
92,90,290
93,91,291
94,92,292
95,93,293
96,94,294
97,95,295
98,96,296
99,97,297
100,98,298
101,99,299
102,100,300
103,101,301
104,102,301
105,103,301
106,104,301
107,105,301
108,106,301
109,107,301
110,108,301
111,109,301
112,110,301
113,111,301
114,112,301
115,113,301
116,114,301
117,115,301
118,116,301
119,117,301
120,118,301
121,119,301
122,120,301
123,121,301
124,122,301
125,123,301
126,124,301
127,125,301
128,126,301
129,127,301
130,128,301
131,129,301
132,130,301
133,131,301
134,132,301
135,133,301
136,134,301
137,135,301
138,136,301
139,137,301
140,138,301
141,139,301
142,140,301
143,141,301
144,142,301
145,143,301
146,144,301
147,145,301
148,146,301
149,147,301
150,148,301
151,149,301
152,150,301
153,151,301
154,152,301
155,153,301
156,154,301
157,155,301
158,156,301
159,157,301
160,158,301
161,159,301
162,160,301
163,161,301
164,162,301
165,163,301
166,164,301
167,165,301
168,166,301
169,167,301
170,168,301
171,169,301
172,170,301
173,171,301
174,172,301
175,173,301
176,174,301
177,175,301
178,176,301
179,177,301
180,178,301
181,179,301
182,180,301
183,181,301
184,182,301
185,183,301
186,184,301
187,185,301
188,186,301
189,187,301
190,188,301
191,189,301
192,190,301
193,191,301
194,192,301
195,193,301
196,194,301
197,195,301
198,196,301
199,197,301
200,198,301
201,199,301
202,200,301
203,201,301
204,202,301
205,203,301
206,204,301
207,205,301
208,206,301
209,207,301
210,208,301
211,209,301
212,210,301
213,211,301
214,212,301
215,213,301
216,214,301
217,215,302
218,215,301
219,216,301
220,216,302
221,217,302
222,217,301
223,218,301
224,218,302
225,219,303
226,219,302
227,220,301
228,220,302
229,221,301
230,221,302
231,222,301
232,222,302
233,223,301
234,223,302
235,224,303
236,224,302
237,225,303
238,225,302
239,226,301
240,226,302
241,227,301
242,228,301
243,229,301
244,230,301
245,230,302
246,231,301
247,231,302
248,232,301
249,232,302
250,233,301
251,233,302
252,234,301
253,235,301
254,235,302
255,236,301
256,236,302
257,237,301
258,238,301
259,238,302
260,239,301
261,239,302
262,240,301
263,240,302
264,241,301
265,241,302
266,242,301
267,242,302
268,243,301
269,243,302
270,244,301
271,245,301
272,245,302
273,246,301
274,246,302
275,247,301
276,247,302
277,247,301
278,248,301
279,248,302
280,248,301
281,249,301
282,249,302
283,249,301
284,250,301
285,250,302
286,250,301
287,251,301
288,251,302
289,251,301
290,252,301
291,252,302
292,252,301
293,253,301
294,253,302
295,253,301
296,254,301
297,254,302
298,254,301
299,255,301
300,255,302
301,255,301
302,256,301
303,256,302
304,256,301
305,257,301
306,257,302
307,257,301
308,258,301
309,259,301
310,260,301
311,261,301
312,262,301
313,263,301
314,264,301
315,265,301
316,266,301
317,267,301
318,268,301
319,269,301
320,270,301
321,271,301
322,272,301
323,273,301
324,274,301
325,275,301
326,276,301
327,277,301
328,278,301
329,279,301
330,280,301
331,281,301
332,282,301
333,283,301
334,284,301
335,285,301
336,286,301
337,287,301
338,288,301
339,289,301
340,290,301
341,291,301
342,292,301
343,293,301
344,294,301
345,295,301
346,296,301
347,297,301
348,298,301
349,299,301
350,300,301
351,301,300
352,301,299
353,302,298
354,303,297
355,304,296
356,305,295
357,306,294
358,307,293
359,308,292
360,309,291
361,310,290
362,311,289
363,312,288
364,313,287
365,314,286
366,315,285
367,316,284
368,317,283
369,318,282
370,319,281
371,320,280
372,321,279
373,322,278
374,323,277
375,324,276
376,325,275
377,326,274
378,327,273
379,328,272
380,329,271
381,330,270
382,331,269
383,332,268
384,333,267
385,334,266
386,335,265
387,336,264
388,337,263
389,338,262
390,339,261
391,340,260
392,341,259
393,342,258
394,343,257
395,344,256
396,345,255
397,346,254
398,347,253
399,348,252
400,349,251
401,350,250
